0.1 0.007496562832422993
0.15000000000000002 0.013682307550529474
0.20000000000000004 0.020323674974640826
0.25000000000000006 0.027387405159075735
0.30000000000000004 0.03494557972740577
0.3500000000000001 0.04309509544278532
0.40000000000000013 0.05194921947898973
0.45000000000000007 0.06164521667354194
0.5000000000000001 0.0723587017455112
0.5500000000000002 0.0843259149245415
0.6000000000000002 0.0978798407477116
0.6500000000000001 0.1135128247384625
0.7000000000000002 0.13199353669417332
0.7500000000000002 0.15460593998515973
0.8000000000000002 0.18369806957867635
0.8500000000000002 0.22416760626939342
0.9000000000000002 0.28865914483840577
