At yp1=0.117288 and ypn=1.71855
[4.04399847e-11 5.15273380e-11 6.56547594e-11 8.36139491e-11
 1.06426368e-10 1.35298328e-10 1.71607228e-10 2.16412332e-10
 2.69893607e-10 3.27979033e-10 3.79605181e-10 3.99744626e-10
 7.31053273e-10 1.62706848e-09 3.82562831e-09 9.84342896e-09
 2.76302701e-08 7.59388466e-08 2.03118858e-07 5.12266858e-07]

at natural 
[1.18177794e-08 1.91912783e-08 3.11743003e-08 5.06187381e-08
 8.21990198e-08 1.33493015e-07 2.16932356e-07 3.52319880e-07
 5.72755966e-07 9.29372786e-07 1.51269180e-06 2.45458206e-06
 3.99519920e-06 6.50020535e-06 1.05992276e-05 1.72890126e-05
 2.80538319e-05 4.59852693e-05 7.51624356e-05 1.19998543e-04]
at 100 * derivative
[0.002888   0.00368029 0.00469061 0.00597706 0.00761671 0.00970658
 0.01237379 0.01576938 0.0201066  0.02561299 0.03267817 0.04162913
 0.05311506 0.06776002 0.08654521 0.11057097 0.14092375 0.18057983
 0.23117527 0.29267474]
Not a knot Q4 
[2.04520966e-08 3.32053190e-08 5.39231637e-08 8.75247468e-08
 1.42063898e-07 2.30578120e-07 3.74417418e-07 6.07509189e-07
 9.86407033e-07 1.59811576e-06 2.59607409e-06 4.20217830e-06
 6.81832484e-06 1.10499256e-05 1.79289889e-05 2.90645276e-05
 4.68042836e-05 7.59902296e-05 1.22767762e-04 1.93401946e-04]
