3 1.1265911988382626
4 0.23961334012270846
5 0.269528059775043
6 0.19681994519212434
7 0.03385709106080717
8 0.024674157656967444
9 0.018544771189080256
10 0.004654577205196572
11 0.0008760957144256962
12 0.0011903255275827176
13 0.0004470825103387095
14 3.931464014518675e-05
15 4.0079048710948666e-05
16 5.259268548316036e-05
17 0.00019860752546768098
18 0.0009543467366179292
19 0.004192828752906466
20 0.015889055828107807
21 0.05441479424655772
22 0.17388368671724475
23 0.5327240116368012
24 1.6022041714278668
25 4.812831668467682
26 14.54240685227614
27 45.55485391799287
28 146.32377058140517
29 469.9993960600492